0110010010111010110100001111010110100000101100111110011010010011010011101100111000111100100100110111001100100001101110101111101100100100001000101000010110010000100010111101100101011110010101011101110111110100101111011001110101000101010001010111111111010101
1110100111001100110110011111100011100010000110000010001010110010110001100011011000011111010001100110111100001001000100010101101101110110011101001000110011110111100011011111111001011101100100000000111010010001100111111001011100110110011001100011010110110000
0011111111101110101001100001111101100101001000100010001001100111100000101001100100101011011100010011000011111111111000101101101111011010011001111110011101110101000100111100010010001111101000110011111010111100111001010110101000001100010110100001111101010111
0010111100110101011000111110001100100011110111110001110011111001101101111110011010111011101101010111000110001000010110000001101011110011110001011100000010011010010100010101111111100001010010011011110111101111100101001011100110011101100101010101000000000100
1101111100000100001011101101111101010101110001110010100110101001000100100101011011100010111100111100110001011100110001011101001101010010111101100111010110100101001010010111100001110111001111001110011000110010110101001111111011110010010010000100011111011111
1101111100110101010011101011001100001111111001111101010111011011011110101111010101110010011011110100001000011101011100111001010011010100000100000010101101111101101111001110111111100010011100101001011110010111010101011011001000110000011110100100101100011111
1011110001010111000100111100010100110110111001001000100100101001111000100001011010101100110010000010000000101011101101001111100011001110110011100000100000010110011010100100110010100111001100011000110000110111000111000111100001010011110111000100010101000010
1101011001101100001010111111000001111110011000011110100000110111010110001010010000001110111110011100000000010000101011010000101000111001010000010100000000101100100011101011111010010100101011101111001100011110000010100111111110111101111001011000000011111000
1011110111011010011100110101111100010100110101101101011000101101101001011010000101101111101111110101010100111000000000110001000100100110100110001100110101000111000111100101001001110000100001111111101001110010110010100110100010100001001001101110100110000111
0000101011011101101100010111101010110110100010011111010110111111111101011101110001101101111001010000011101101111010100111001011001001100000110011100001000010100001100001000001101101101011001111100010110111110101011110000011000110101001100000011010000011011
1010000010010011110110100011011101011001010111010001101011010110001100001111111110100101110101101001100010111110011100000001011001011111011100101100001000011001010110010011010011110010010000010011100100001011010110101000000001011101001011101101110011110000
0001010001001100010101100101010001110111111001111001100011110110110101000011101001010111101010001100111001011100111111001011010100001111011110001100100101101100100111100111101000100110101011011100100110100101010100001001111101000100010010100100010010110111
0001001101001010000011101101100101100111111111011111111011100000011110101001001101111101001000001000100100100111101110010110110001111111101001110010011000101011011101011001001111100001010101110010001110111000000001111000110110101101010011101010011100000111
1010111011000011111110101011110101111101011100111101101101111111001011100110100101101011001111010010010101110001101111010010001011010000111011000100011100110000011011110110010010000011010010100101101011110110011100011111111010011010111011101011111011010010
0011110100011111100111100000101000001001100000000110111101100111000110110100101100111000111001010011100011011110010001010011101010010011100001101010110011010010011011000000101010101010100001010100010101111011010110110111001001000001011000011111011011010010
1001010010010001001000001110011011001000011111101000011011011100100110110110100011100100011111100101110100001001010101110101010100111101001101001000010101001101101111011111000011011101100011010110011101111000101001111000011010000011101110000000110010100100
1111011010110111111101010110001111110001111000000010100011001110011100011001001010011100101110111101101001001101111101001010010011010000000010101001000010001011111100000001110100101000100101000011010101000011001110100111110001001011011101010010010010000100
0010000011101111011111001100011110110110010011111011010010100100010101011001001011111010011010011000010011011100001000110111111010100110000011001010011010100000100111010010010101110000101110111001111111001001111010101110110000101110100100001111010110110001
1111001100101110000110001000101011110011010111100101111110001010011111111110111010101111101000111001011001100111010001001010010110010001010011011011011001010101001010000100010110100100011011000100110110111000010001110101000001111000111011100000000001100001
1110011111000010001010100110000111001010101101001111100100001000011000000111101101110111010000111100010010011101101001111100100010111011100110001110111000010001010001001000001101100010101110101011101010001111100100000100010101010110010000101101010101110011
0111000100010110101110000101100000111011001011111001111101000011010111111000010010000010001001111011011111111000101111011010010001111011110001101111001011010000100001111001110011100011011010100000111111011111101100010010110101000010101110001101111000001101
0101001010001110101110011010010000010100011111000110001011111011011100011010001001111111001111000111000000110011111111010111000000011110011011110011011010000110010001010100010100001011000101101110000100010100010111110101000111111001010101001011100111100011
1000111011101110110001101110000111010111110001001000100100111110100010010111011011100101010110011001001010010001000000011010111110101011011000110110111100111111010100101111110010110000001000010110101001001111010011101101111101110111101001101001110010000110
0010000100001101011101100100010010000011011000111111110011101001110000101011100000101001110000000101111001011100011011101001000011000000000111101110001010100001010001101000100010000110010110011000100100001110100011011101100100111011010100111000110110001101
1100110101100101011101110111111111011100001001001001110101010100101001111000100010110111001000010001000010011001100010010100001101111000011110010100000001010001111010101110110010101111000001000101011101011101000001000010111111111001000011100010110100001000
0001111110110100100000100111101001101001110001001101010100100110010000011100011000111110000110101010000101110100000101001100101111111011100011010011101111100111011010001100011110011000110000000100101110001001101001101101011000110110010001100001111000010100
0110011011100100001100000011100000001111010011010000000101101101110010001001000100000010010101010001001011110100100111001111100110010001011101001111001101001010101100000011001100110000001100111110101100010110101010001001011101011011010101011001101000010011
1111001110110010010100110000101011001110111111100100010101010011111101110110010000000100010000100010101010011000100011010011110110001010110100101100001110100111011111100100101111111111110110111010010111010010010110111111111011000001001000000110011110110000
0010101001111010010101000000100110000111011110001010100110011111011111001001110000010111110001001101110110011001010010111110010101110011110101110111111101111000001110010101110101000101100010000001011110010101110101000110000100011101011110010111110001001110
1110101011100100111010101010010100101111101110011101100010011110011111010001010011110101100110100010010110001111111010011000000111101001001110011101100100101111111111100101000000100001101111111001011111110001101100011001000101010101000011100101010011110000
0101110111010011111011001000011110001100011010010101010101100000110101011010101111111010101011101100111011110011110000011010000111010001100011101001010110110101000011001001001100010100111000000001000100001111101101011111111000000110011111010010101100010011
0101011101101100101011001010101110100110100010101100011000010010010110001011010001110000010011111110111011000100000011111010000100110101100110011110010001101110111011101110100011110100101111101000000010001111011111111101111110011000011001110001111110111011
0011000000010001101001011100111010001110000011100111010100110011010101100110010100011000111010111110111011001100101000011010001011000100110101111011000010011010010100100110100000101011010100001001101110100011001001101001111101110100010100110000111110011010
1001110001110010100101010001001010110010101000010100001111001101010110110001010001001101011010001011110011101000101001100110000110001100110010001000101011000000101101000000110101011011110111011100010000001111110001000010100110001001110010110111110010110100
1100101110100110001011011001000101010000101101101000100111110101101110111000110110010111001010001101111000101111001000011110000000010100100101100100010001110101110001001011001011011101101010100101111100101111001011100001111111001000001011001011110110111111
0111001111001111100101011100011010011011010100001100101001000100101011000010101000100110101100100001100000011011000101110100010010111100001001100100111001001110010101001100110111101101111100101010010000010000011011111000110010111010111100010111000001011000
1010001010010000110111110101000001101100110101000100011011111010000000001000011010100110101101011110110101011111111110100000110010101100001010101011101010001001110000101100111010101101110101110110101101010010000101011010011001010100100110000111010100111011
0010001011010000110111000111000000100011111011011001100111001001111001101011111001111100000001100010100000010111111010010001111111111001000011001000010000001111110110111000010101011110011000100111011010011001110000111010000100001001111100100010000110001000
1111011001101000101011000000000001000110010101011011011110100100111001000010111111101011011100100001001101001001110010110110101010101101100110111101101110010101001000101001001111110101010011101110000111010110111011001011100110101101101111001101000101110011
1101010101001111001001100111111000001010010010100011100000100000000010100000010101101100001011000101100111100100111001100010011001000011010100001011001101110110110110000000011010110001101010001110010110001011100010111111110000010110000101000100110001101100
0010011011111011101011110110111000010100000001000100110110110101000011011111110010111100010100110000010010000100111100100011001001110101001100100110110011011111011101011010011000110011001101011010110110011101100100001110110110011000101100000001001000111000
1011110011111011101001101110110110001001110011010011000110110100010100010100100110010000011011011001011100100001001101101111011111111110000001011111111010010110000000011011111101111101001101111110110010111100111111000011001011001001111100001101100000011100
1000110111101100100111100110100010011001010101111001110111000010101101100110010010111001100010101101011001010001101010101011001111110100010010000101011101001110101111011010011101001101100111001110101001100000001011001010111011100110110100110101001100000110
0110010000000000101100111110010011011110110001011110011001101011010010110101001011100001111111100101000101100101001010000001001001100110101001100110101011111010011100000100011011110000000011011111000011100110001100110101111101111011100010111110100010001100
0001111111011110100110100000001101010111011101111100101110011001110010001010000010110010011110111100101000010001100101101101100100000011000000101111100000011100100101000100111000011111001000100010100110111000010010001110100011011001111110010001000110001110
0101110100100011111100011111011101011101110101001111010110101000011101010101001001100101011100011000011110000110010110010110011110110001110001110101101001100110111101110000011110101111000001100001010100010111101101000001100010110001100000111101011110000111
1110101110100111110011110001010111111001110010110110001000100100111101010110010111010111100001111011101000000110001101110101101100001100011000010100101000111000000011101000101100000101100001011100110100001100010000100011000001101000000011011001100100110111
1011011101100110001111111010011100010010111111001110000100010101010011110101011011011010110010000000011111010001110000000100100010000100100001010110011011111111000100101000110110100010111011110100111000001001100110110100111000000010110001111010100110110101
1011101000101000111100110011011100110010000001110101001110100111110100011111101011010110110100011101001100010011101001100011011000011011011010011010100111100101010001110101101101100111110101000011010000101010111001100111101100000010100000100111111111001010
0000010001011010110110110001010111011011010000000101000001110111000010100000000010101111111111001100011000010010111111101000111010100011110000010111100110100100011110011110111101100001011011111000000010010010101001010110001100111101110010111110011110111010
0010101001010001001101100101110101000110100011001110000010101101011001000001101110110110010100101011010010000100110110000111011010100000011100101011010010101011010111000001010001010011100101000100000111010110010000111100000010110101011111111010011011101101
1010011001001100111110111111000100011000000101001000001000111101000011011010000011011100101111000011010101100101001111010100101110011011011101100101011010100101101000101010010001100101100100000111100101000001010001000100100001001000000011000101101000001011
0011101110110010011001100010100111100001011101101000110111110111011100111100010000010110111011000000100011000100001011110000011100111010000010111110101110100110101011101110010011111010101110100001111010110110011001010111111001010001111111111001010000110000
0001001100111110000101000001110100010101000110101110110110010100110000000110101100100001100000101101010001010001000000111011101110011001110100111100100010111000111100110110011110110110100111101111010001101010001101110000001001011000100001100101010101000100
0110001010010100101111100010111011111000100110001110110010101000111000001010111001110100110001111011011100100010101011000101110010100010111110010110100000010000101000100011000011100001111111101111000100101001111110100000010001101110100111100111111000110001
1101111000110101000000011010010100100110101001101111000010101001001010011001001001101000000011011100000111010000011101110110110011100111001000011001111100000101010011011001011011001100011011000000011101001011010010001101000000001110101101111010010010011110
0111101100000010100000010101010011100110111001011101101111000001110101111100001100011111000111111011011011000001110110010110111010101100000001010101011110100001000011100001101101010011100111100110000001010111110110101110010110011100101111111101100001010000
1110100100011100010101110101110101101100100101010001001011010011110001101001001011100001101110110101010110001001001001010111110000110010010101011000000111111010000110010110110110100011000100101010010001100010010001110100100000010001110011100110001001011101
1101011110111111010000111110110010100000101111011110001110001010101110001101010101010000010010101011001100100100000101000110100001111001101000101001111000111000110100101110011111000000111000100010011100000100010100011110101011011111010011011110110100011001
1110110011000110000001010110010010010111001011011001101100111110010101111011010100011010110110001100001000101111100011010110011010011010011010100100000001101011001111110100000000010000001100000100010111010010110111010010001100111110110110011011101110001001
1010011111010011001101111101111111100010111100111011001101111110110100111011111000111011110000111101000000001010000010011010000010101011000110111011000100010101001000010100110010011101100100111100011001011111110011110110001000110111111011111111010101010001
0110000100000010100111011110011111000100010101110110110100100100001000001000101110101001011110001000101001000010011010011100010011101101010010101011101111010101001001101100101101101010000000101101110001010110111011001101100101001001101001000010001000101100
1010111101011011011101011010000111001111011110101011010101000010000100101000000100111111001101010111010011001111001000110111011111111110010011111101110001010110111101011011110000011001101111110100001110110100100001001010010110001010010111011101010011100100
0111101011110100110111010101001000000100110101101011001101101000101111010110111111001000110101111111100001101000011011011100101101111111010011011010000111011011011001111011010000110101000111010001000010000000010100011010000100110111011010000001010011000000
0011111110111010110111110110101101111101001111111001010011101001111010001111110111011101100001010001100111101001111011110110001011001111010000100010000001111110011000100101001110011111110011110001111110010111011010100001110001001001101010100010001011001111
0101101100100011010010010110011001110111100000100100101010001010110001011000010101101110001110010100011000011010101000010001011001001001110101111101110010111101010001010000001110001111111010111001000011101110010011000000110101101000111010100010011111011110
1001111111110111110110011001111100100000111000100000111111110000010011000011010110010111011001011110011001001101101000001101000000000111011111101100000100100110000010100011101010011011000101001101101011011000010111000100110100100001100001000100000010001011
0111100110110101100011110001001101100001110010101000100011010010111000000000011111100100010011100010110101010000010111100100110010100011000100000011100101011101100010010000111110111100010001011001010100011001000000100001111110110011011110011110101010101000
0000011110111011100001111110000001000000101100010000101001100000111010000000001010100000100101010110100111010011110110100000110100111000110111010110100000000101010101001010001010011100111011101010011001000110101110101110000010000000100010111010011110101101
1100100010100011011101001110011010101001110101100011010010100111000100001110100000110101100111101000000011101001011000110010111010011101011011111111000110001001110110101101001001000110011001011001100111011000000011001001101011101111001100011110011111111011
1011101101100110000111110111100010011110001010111011000111101100111100000100101101010001000000000000011111011110101100100000100011000110010111011001111000101111010011001010111111000001100111011001001101010101111101101011110111010100110110010110111011100000
0000011010001001111111100100101111111010010111100011111110011000110110010110001100001110011001110111000101100010010010000000110010110011000111000010111101101000100100110101111100000101010001000110010000101110100000111010001000101111010010101001101000111101
1011101110001101010101110000101001000000111011011101000100111100110100111001100000010100011110001001011100010011110011001100010001011010010100111011110101010011101010111111100000101010011011111100100100011000111000001100101100111011000001101111001110001101
1001111100100111000101101010001001110000110100110101010101111001001000110101100111010111100011010010111110111001110101010010010111010011100010110101001111011011101101100101011110100011011010100111111110101111101101000111110100000001000000001101110011101011
0100001110101101000011101000111111111000110001101101100001100011000010101001111100100100010000001011110000111000000010001001001110111000100011110001001001010100000000011111000010001010010010100010111110110111001001000001110101001100101010001011110000010110
1000001100001001011100001101100010001000010101001001001011111101101000100100101001011011001011111011101111110001011010110011111101000011101011101101101110100000110101100011011110000100101111010111001111011000001010101000001101101111111110110111100010001001
0010011111100111011110111110111101100100010001100000100101100011110110000111111011001001010100110110010010111101011011101011111110010010001111010101010001000010011111100010001010011000100011001110111000010011111110011011111000011111000111001000011011011100
1101010100100100100010100110111011000011101110100110101000000110001111111010011111010010100100100011111111101011110101110101111110010011101001010110000000010011001110011000111111111111111010100111110001010110101001010101001010101100110000100110000111101001
0100111111011001000101000011011010011100011001001111001000000100011011011101011001110001011001111110001011001001110101101101101101111000010100010111010010010100110111111001010000001011001110011101010100100010001001001111001010110110000110101101001101111001
0111011100100010000011000110101110011100101101001000111111101011111011100101111001100000110110100001010010110011110100101100100001001000111001101011111100000001001000011110010000101001011110101110101010001101001000000111001010001011110101111110011101111010
0010110011011011110111100110000110111101001111000001001011100000010001000110100110111111110010101000111010011110011000100010011000000011001010010100100101011000111101001101111011111000001100000010100011101010101110000100101001111100001111100000110100000000
0001000010010100000100100100001010011000111111001011001100101001001100101010000100101100110100011000101011000100001010101111111000100111100001001011011101001101100010101111111011010011111100100010000110110011001000110101010111010010000111110101110110000110
0110101101010100111000100110001110001110111000110011000100111001011111010001000110010100100010010011001000101010001110111010000011001000101100110110000101100000101010100100111111001110100010000111010010101000001001011001011110001110001000001000001010011100
1110100001101111000100110001100011101011001100000010100000001100101011111011101101101101111100100100010110110100100011110011110010100001000111010110000110100011011111010000111101111100001110110000011011000100100111011010011111110100001000000110111011000011
1000100110100010011111010100001011101011010100110110110010011110110010010010011010001001001010001001001110011101100111011001001110111010100000011110001100110010110100101001101001100111111000010010010000010010011001010101100010000011010111101011101110110100
0011100111010111110101000001111011100111010001110111010101101011101110111000010110110010100111010000001101111010100100000101010010100110110001101000111110000101000010100000000001101110010011000000010001011101001001110001100110111100110110011000100110010000
1111001001001100001101010001110001100001101010011100001101000011101011111010010010101011011101100100000111010011100110011010000100111111011011110101011111110111011100010011011011011000011010000101110000011101111011100110111011000110000101110101100000100010
1101111110011100001001111010001001110110000111110110000011100110100101011001110101011100011111011101111110011100010010010010111000010010011001101101011000101011101000000010000001011101011101011101010110101101100000011011011110010010000101111101111111011010
1110001101011101100000000100010100111001101010110011001001110111010011011101001111001110101101100111000000100001111010011011011001101000000000010101101010011111110100001101010011010001111100000000101000011001110000011101100010000100110110111000000100010100
1110101100101101110101110111000000001101111000101101010100011100110001000101000100011001001011110100000000000110100101010000100101010011010101010110000100000110000110110111111101001001000110010100011110101011000001000111001010101010001101010100000110100110
1001101010000110011001100010010011101101001000011000110000111100110110001001111001011011111010101001100101011001111100101011001010011011101000110000100010110110111010101010010101011100011000101110001100010010001101111100111000011111001101001000010111010111
1101001100101100110011101010101101111011101000100001111011111100011010111111100011110110110010001011001111000001000001010111101101110111101011111101000110100010101010011000111000000001001101000101010011001000101000100010001010011000101110111010001010100001
1111011001110101101110001000101100010011010001100111010100110000000101000011110100100010111011111001101101000011111010000110100010100001001111010100111011000111000000110111000101000100101111011001010000100010000100101001110100110110000100000010101010110000
1000100001101000100110011000001011001111010110110011111010000010000001101100100001110111100101001101011001101111101100101000010000101010001011101011010110111111111001000100000010001001011111000000111100110101111110010001001111011000011000001011101111011000
0110000001111110000001100101001101111011101111000110010110110001100000001010000001101101010001111110110101100001011011001000011011010011011101010100010100101000010010111111000101000000010100111000100001010011011011001001111110100110111100101110101110100000
0001101110000101001100111011111111111100000111110100100111100111001101001011110100010101000111111110010100111001001001100100010000110100101100110011111101010110100111001101001000000100111111010001011110011100010111111010001111000000001100011110001000110110
1010010001110100010111101101101101111110111010000100001011011010011000000001100100101100001110010110001010000001001010010010000101110001110100101100101001011101111001101010010110101010111010010101000100100010100111001101001110011011011010111000110011011010
1010010011101111000110110000001001000101011000001100100110101111011110100000001110110011100110000100111111010011110010111101110110110111110111110000111110111010110100000100000101110100000011001111101010010100100010001000110000111010001100000110100100110100
0110100110010010001010010000001100001111000101011011011001100010001101100011000111100110000101011010011101000111010010110101001111111000011000001100111010011111111010101100101010101010010111011000111011111000111101000000101110000110001110101000100110001110
0111111111000010000010011111100010010110001101001011000000101101110111110000000011000100001000000011001111101101000010011101110101000110010010000100111001111001101000010101000100000010101001001101001101100010010010100011000001101101011000001111100101001010
1100110100100001011101000001000011101101011101111000000000111000111010000110110111110010101110100100100111111110111010010000010001010100000101110110101100100010010111001000101111111110000110011101000111101000010000010010010100101001101100101100011011110110
1101110011110011100001000111111101100001000100101010110010111111101011011010100110000011011100000111100010110111110110101110101010000100000000100001001111110100010100100111000100011100001111000100100111110110110000010001010010010111111110110101111101011110
1100000110010010000111101010001010111110011111010110110111110111000101001110101100000101000101100011010111101001100111100000011011000111110110101101010101101000111110111001101111001011101010110101110010111101001110011110100000110111100010100101011000100010
1011101000000001001110010111111010110010000101000110010000010011111000010100000010111000001010001100011011110101011000110111110101111101100110010001111010100111000110110001101101010111110100101101101111011110100101100010100011011000011001011000010001100100
0010001111101110000001111000010010000010101110101101101110011011001000111001000011010010110001000100001100000101110110010111101010010011000101110110100001000100101010010110100111111001000101101110001001100110100111100100000010000100100001111010111110001001
1011010110001101000000001011110110101011101000110001101110010101011100001100110101101001000000101001111010100100111010000110100000011010101111100000110001001011001101000010100100001011110011000100010111000001010111000101101011101101001010101101011100000110
0010000011000101101000010111000010110001110111001111100101010011110000011111100101001111000100000111011011110101111000111011101011101000110010001010111110110010110111000111101000100011101111001100001101011001011110111011111011010110001110010000101100010001
1111111111101011001000001010011001011010100010100011111000101000010010001100100110100011001010001001010110111100001101010111000111110010100110011110111010000100101010001101000000010010100101101001110010001010110111111000111100110101111110101011011000110101
1010001101111001100001001011101010001000110111111000010000000001101100100101001011110001001100011011000110001000001101111011000000011001111101001100000101010001000011001100111110001111010011101011101001000101100110011100101000010001110110111001010001111110
0110010001000001110110101110011101110111111000000101001100110010010000001100110110000011101001100100011110000001111001100001001001000010111101100010111100101111100010011011100000101011110010101110011110111100011010000100110101001000001000101011010010000101
1001010101100110111010001100001101011111110000100100001010000001000001110010100010100110010001100110001100011100110101100000110101001010000111000000010000000000111001101101110110100101011001100101000110001011010101000001010010010111110100100101111000110001
1010101111000111000101010101101000000010010000110100100011011010000010010000010001100100001001111000011100101000001000111001010100101000111101111110010110111110100110010010100010101001011110010110111000111010101110000100100001000001110010101111001000110001
0101010100001110001010011110000001001111111011000101101001001101000100111110101100000000100001100000011001111101111010011101010011110001001000111101101000111010001111111011110000110111000110101111110000001000111110111001100000000000001011111010110000110001
1111000111110000111010101111110011110011101010001101000111110111010100001101101110010101110101110100100010011011011101110011100111111100011110011101111100000000000011000111011100100001111001000011011101100001100000111100101110001010111000101110000101111100
1100111111010100101101011110110111111111111101100000010000101000000001010010111000111011101010110110001101001001011011111111000000011101111111100110000111000000111001110000001100010011100010001110010110011000110101000011100011000111010100011110001001100011
0111101010010001000011111111000011110000000001111111011011111101001111111111101111100100110110011000100100110001000110110111000001010001110000000011110100111010001010001110111011010001001011011001110110001101111010111001101001010100110110111110100001010011
0011010100101000001101001110000101100001010111111001001100101101101100000101101000110111010010001011110010110110000110001010110001111000111111110000101101010010000000110010110111100111111110100101100111111010101000111011010000110101011100010011101100100111
0010010101110100110100000001011110011000001000001101011110101010011001110001101111100110010111111100101010011110011011011011111100001111111010110110100010010101011011101010001011011111100001001011100111110110011010110101100010101000110011101010010111101110
0110000111011101100000110111111010110010000111110100100011111011100011011100101101000111101001101100011011101111110110100110000010010111100110101100100101011101001110011111111011000001110011101011010111010111010100111010111100011010111100111011100111101100
0100111011111111001111101100011011110010110100110010000100000010111111010101111111101010101101001010111011110111110101110110111010101001001110001000001101000110111110110011100010101110110011100000010110111000000000110010010011000100010101001011011111011100
1010000001111011110111110110101111110001101110001101110100101110011100001110010101110110010111000111000111001111110111111010000001111101101001011100101101111100100011001100000001001011000001001001100000111011001111010000101110100000100011101100001000111111
0000111001010101110111110111110000100101100100111010100110100011000111000111111011000111011001111110011010011101001111110100001010000000111110001111001010100111001010011011100011010110101111111101101000001010011110001100010110111110110000111010011110011110
0100100010111010111110010101101111010100001110001000000010000010011101011011100100111011100100010001111011101101011101111001101101011000110100011000110110011110011111111101011001110000000111111111101001110010101011100110011110010000011100111000010100110110
1000011010010011111011011101111001000111011001000100010010011001110001101000001010001000100101110001011100010000101011001001000111101101101100111001111110011101100111110000000110010010110100011011011101011000000110110100011111001010100111111000101000010000
1001001011111001101101101101100011100110111101101100000010010100011100001101110001100010010101000100100111000101011101010110100111111110111000101011100010110010101101011110011010011001101111101010111100100101000111011010100100011100100100011010110001110111
1100111000101000110101111010010100101011111100111001101001100100001110010011110010011100011110101001011001111100010101110001101111011101101111101000001100010100011111111011001101100010110101011000000110111011100011001011010000011010101011001100111011010011
1011100010011101100011000101001101110110010000100011111101001010110010101110011001100001000000001100001110101100011001101111111011111001001110000011111100001011101110011101001101010100010110101011101010101011110110000110010011001101000111001001011110110000
1101100101100000010111110011011011100101010101101110001001011110101000010111000000001100010011111100110011111100010001010010010000011010101010110110111000100010111001000100101100000101110011101100000011000110010010101011010100101101100110110011010110000111
1110100001000101101000010100011101000011001001010010000110100011001100000111011110010111101010001011010011010010010001101101110111011111111101110111001010011010101101111011110010010100001001010100000001110101010101100110000100010101111110101001001011110111
1111110001110011010110100011101100111010001110100011000011000010011000100000011000101001010010101101111000110101011101010101010111101010110110011000010100101000001111000001010000001110110000000010000010110010101110011111010110000001101111010000111100011010
0110000000101101010010101010011110001010001011101010100100001011100110110111011011011101000110011001010010101011100110100011110110110101011011101001101100100111110101001111010100110011010011010011011110011011100101100110010000110000000011100101100000110100
0001101111101111100111010100111111100000000110110110001000111001110110100111101110100010100001011111011000011011011101110000111100100011000101001000000001111111111101110000001001100000000110100101011011100111011101000111000110100111001010000011001010011101
0011101111111001010010011111001001101010100110101010110011010111101101010101010110000110111010010000100101010010111101101111000100010000010111001000111010110000100011110011111111000111100011101000100111110100100001011110010111010010000001000001010110001001
1101001011111011111101000111111110101001000110110110010010100000111110000011010000110101110101000100010110011011011000101011100101100100010100011010001011000100000100011101100010110111011100100110111010000000111111111001100000010001101010100100001110001100
0100111101011100100000001101010000110011011001111001111110011100000110110011100001111100001011000111111101011011001010000001100101001101100010011000111111101110101010110111011000001000110001100001000000000000110111100000101100001100011100100110101111110000
1110010010111000111000110111100100100011110001100110111001000111000011000111111110000100011101000010111010011001111110001110100100110001101000010000111101100010011100100100100101100001000111110001100101001101110101001110111110101111011110100110100000010001
1101000011011110100000111010000101110111110010010000111101101110110111000110010010101001111101101010101010001111110111001100111001000001011010001100101001111011111110001000100111010010110101111010010110000001111100011111011001110110100100100001000011100110
0111100010111010101100001101111101001010110010100011110001001010100000100000100011101000011101110110110100010001001101001010010100100100000111110101110100001001011010000110001111100101000010110011111000000101010011111101011111110001111110101001001010111100
0100100000111010010101100011110101000001000011000011000011100111011101101111010000001101110100101110111001011001110000101100000111100101111001101011100110011101000110100111000000111101011010110101111110010111110101000000111111101110001110010000010101101010
1100001110110101100010001100101001101010001111111000000101100001011001101101100100010010000111110011100101001011101100111011000011111100000001011110110110011010001000011101010011100101111101010010110011000110100010011011001101010010110101010011011100101111
1011100011100100000100000110001111100011100110111010010011101101111110001000010000110000010010011011010010110101010110101010010111100111100011000101011011101111000101011010001101100010100111001101001000110110110001010100111001010110000000000000011111101101
0110101001001111011010100011000010111111000000011110101101100001011100001000001010001000001000000000011010010011010001010010100001111011010001011111101001011100110000001101111000100111011111101001111001001110001110011010101110000101000111010000100010001010
1111000010010000001101010101011001101010100110000101010010000101010000000100111101111001110110001111000001110100001000000111011111010101001100011110110011000000100110111000100001000001100001001101011000110100101001010011010100100110111101011010101000000001
1011010101001000101101110101111010111011110101100101000100100001010101100100000100010001010001101111110001111101100000001001100011111001011000011011100101110010000111010100000000011101110110111111100111011001011100110000100111100101011001010011011011100111
1110101011100111010011101110011111000011000000111000111010111101001000110100010000000011011111011110101010100001110101010111011010110001110001101011110011100110111011001111011001010011001101010101101001111011001010001011011100101000011100110110110001100011
1111110000001011010101101101111110010111010010111000100001010010100001000111110011110000111111010010100110111010111110100001110011001101001101011100011001101000111000110111011000001000000111000110010000101011101010100000111010000100111110110001111110001000
0010000001110101010110111000011100000111001111111001011101001010100001101110101011010111000111111111101111011001001100101111000000110010101010000000100111110001111011100111101000000001010101111001110010111000010111110000000100010100111001000011011010010001
0110001110110100100111001100101001101101001100110000001101010111110011101101111110110010001001110100111001110000111000000110010001110010011100001011000000010111010010111110000011110001110100010000101111000100110100110011010001000001101110101111100011001010
0000000111100011010111010111010001110100110011011011101000101011110100000000001111111100110100101100111000111000011010000101110000110010110110100111111010001011011100111111010110000001001001010111100011011010011000100100010111010000110000100100001011100100
1000111011011010011100111111010011100001110000000111011000000011110010001011001001000000000111100100111001000010001101001100100010001000001000110110100000000111010101110001111110000100010001101010001101000101010011010011110100101010000111110001100111010110
0011110101100101011101111111011111111111111110000010100011011101010000001011100000010111111001111110011001011110101011100001110010111001011100000000111011010110101001011111001010010001110011000011100110010000000110100001100000100111000100101101010101001111
0111011001110001100110010110110010010010011111001111101100111010000010100100111101010000110010111011011010001110000111100000110011001011011111110111011101011111000000101111010010100010001100100110010101000010100000100101011011011111110011000000101110001101
0011000000011111111111101110001111010110001001000101100011010011111101010110001001010101100101010111100011000101100011001101101010010010011100000110100011100100101110100011000010000111100100110101111101111100010101110001011111011010110010100110111110000000
0111000100110101110110111011011110010011101000011111110101100101010110000101111001010000010010101011000100101101000000010100101010010010011000011111001110000000100010011111110000111111011110011011010010010111100010011010110011000110000101000101100011011111
0011101101011000010010101101101111111111111111110011011101101000011110100000000110010111001110101010101110010101010011111001111110100010000011101010011101101100001000010100000000100111001001011001001110001111100100010000100001001011100101100110100101001101
1011101010010100111010110101110101111101111011100111100010010101100100110110101101001011100110000111101011111110110110110000100001000000110001001111010101101010101101011010010000011110101100010000100110011101010100100111000011100000111000101010010101101011
1111101011111011100100110101101110011000100100101010001000101011000000100001100110000001000111001010010010100100101001000111101010010000010101111010001001111010001000111000001010010111110100011110110110110001000011001100000100010011110001110111111010011111
0100110011100000011000110100011101111101001101101100111010010001111110100001110010100110010101100111101101100010000001111100010100011010111101001000110011100100010110011000110000001011011010101110011110101001001010011011101010110001101011101101000010011111
1111001101111011101011000000100111011101110001000001101001101001000000101100111111000001101111101100101110001001110111110001000110000100111110000000111010001100011100011011100101011001001101101100001110000000101001101010011111000101111110001101101101010111
1011111000011110101011010111110011011010001101110010110110000011001100011111110010111011101011100010111001010100100000111011010010010100100000110000010110010110100100001010110100010101100011111110101011110000101100101110010000110110100010001111010111011011
0001010110000010011000111111101010010001101000110100001010101101010010101111101010000011110010110110000001110011000110011001010101011110000010010011100111111001110101010101010111111001010100110110101000010011010000111101110110000000111101110010101000001011
0010111100011000001110110011111100100001010010111001001101100101001010001001000011001000100011100110010000101000001001011101010010110010111000011010011001110111100101010000011111101100100101001001111001111011001000010000011110001100000010010100111001010010
0111110001010101110111001110010101010001010010100011111001111111101001100111010110100101001101011001111110101100000100110011010110000100000000011111100010001001001100001011110001100010000001010001111100110001011011001111101010100100000010011101100000100001
1100001101001101011101010001000101101001111100010011000110010000100000100010011001111110101111111001001111000001111001011110011001000101111101100101101001010000111001001111001101111010010011110100001000100111100010111101101101001011010010101110101000101001
1110010111000010000010010101101000011001111010010011010101111101011101011111001101001100110011111010010110001110111011111000110000011010011001101001001011001010110001100111000111100011101100101111011100101010110010010000101111001111011000100111011111111000
1001110010101000101000000101101010000110100001001000111010000011000100001010000010000000111000011111001110111101111011001011110011100010110110111101101101100001010000111110100111100101111010101011010111010100011001110001101111001011100011001001111100100110
0011000110100111110111110101001011000011110111000001011001111110001000101010110110110101000001100000010000001100100110110100110101111011101110010000101100011001010000011001110101000000101011111010101100111011110001101111101110110111101001100101011110000000
0011100111010110001101111000101000100110111101101000000001101011101011000100111000011110100010111101101101111100100001101001110000011100001000010000011001000110101011010001100101100010111001111101111100000010000000011100011110011101000110110100110001111101
1000011010100010101101000001110111111001010110101100111101111001001111101010110011111011011001110001010101110010000111001011111000010001100000111010101010101011110011100100010010101000010111100110100111000110010010101110110000000010011000101001000010010110
0010011111100010000000011111111010111100111100110101001111011010111111111111010111010010011100001010100110100010001101111110111011000100001000111001001011001001011100000101011000101100001001010011011001000110011010001001000101101111110111101010111010101011
0100111001011101101000101110100001100111101101000100000010110010111001100111011001010111000001010101101110110111000111110101001111011000111101000101011011011111011010100011000100100111101001101100000010111110101101110111111101100111011010000010101101010011
1000011110000101000010010101001110011000001010001000111100000011101011010100000001110110111111010010010100011110111000100100010001110001111110100101010101001110011001011100111101111100000100011001100101001100011101000100110010101011010111011010001100001111
0000011111010101101000011100100110110010110111111011100111000000000101010111010001110010010000111011010110110111101010010111111000001011100101001011100100111101010100101110011100100111110110011000001001000001100111010010011110100011001010100111010100111010
1010100110100101000110100010110010100000010111000011000010111001111010101010000110111111011100011110101111011011000000001011011010101000101000000000010001011011101100111010110110011011100011101010000000110101001100110111010100010000101111110000001000111110
0011111000010101000100111000001011000100100101000001001010000001100101111111101000100001111010111010010101111100001110011001001011011111011110101101001011100101011101110011000000110000100101000001001100111111101111011010101011101100001100011001111000101110
0000100010010110000100000111111110000110101110001110110111011000111111111011001100000111111100010010001110011001010011000010010010110010111010001000100010100000011011010101111110110101111101000110111001110011000001001110111110101110010010010110011011011011
1100001010111001110010011101110111110010010011100001011110010111110100110000011111000001000010010010110000010101110111110101111001100001000001110001011101001000100110101000010010110001101010101111010111001111101010000111000101101000011001001011010001010100
1000110011010000001111101010100111010100010111011110000001010000110101101011000100000010100000101001111010001000101010001011001000110110110111110010101001000110101101000001000010111010100101101111011001110100110101011001001100011000110100000101100100101001
1011001010100011001100111001010001100100101000101110100111000011110010100110001101001110000011010000010100110010100111111110100100010000000000110100110101001001101001000101101110001101110100100010000111000111001011000101011100000010000100011100110010100101
0100011001000111110001001110010110010110101111101111000001101100001111001010111001001011001001000000111011010001011101000101101111101111011011000010010000100010110001010000100010101011011100100110110101101111000100110000000110110001001101100100000001011101
0010000111011001101100101110010000010101011101010101010100110111100111110110001001100111100000100110101101010100000100000101110110000111110101100000110101011011010000001110001111111110100011111101111010001100011001100001000011111010111000011001111001000110
0011011000001110010011011101100001100111010101111000111111001100110110010011011110111101101011010111110011001000010111000101110000001100011110000101100011101110011000001101000111111101111001011011000111101000010011100001111010001111001010100000011000101000
1011111101101110001100101111101010001101110010011001100001101111110000110010011001010000111111011101001101001011001100010111010000111101011101001001010100001010100011100110010011001110010011010001010000010110110110101100110010000110101110110011100111110100
0001000011110110001110001001110000000010100001000010100100110110001011111111010010100101110110100010010011101110011010111110101001101000010111010111010010100001001000011000011001000001001101101010010001001101001110011100101000010111101001010111110100011111
1110100101111111110110000111010000101111011010111101100110000100000011111011001100011110010111101010111010000000011010011100100000111011001110101010101111111101110100011000010110000000110010011110001100011011101111000001000101000101110001001100101111101000
1110101011010000000000101001000000110101001101110010010111010000001100011100011011000100001101010001110011001101100101111011111011011010101011101110010111010100010111000000011011110110001100000100110010001011100001000011111111000000100010010011100110010100
1000111011011111100000101101001001111100000111001011101000011101010011100011111000000101001011100110000011100101110101111000000110000011111011100010010111011100111110100010111000101011000001111010100001100100000000010101001100100101011001100100011000000100
0010111000010000010011000101000111101100010101011110110101101010101011110000101000011111010110011110001101010111110000101110111110010010001001011001111000010100100110000111010001101011101111110111001011011011111010111101110011001010101011110111011111000110
1001000110100101111011000011100000111001011011101110111111110011001111001110111000000100100101100101000111111101000101101010110101100101011110000110100010100100011010010101110001001010111100111011111011010010111110011011010000000000111110001111111011000110
1001010001111010000110111101101101101001000010011111111010111110000001100000111101010011111011100111110011100010100101110111100110001000001110101010001011010111010010101101111010001011010000101100111101111111001000010101001011100011011010111101000111100100
0010111011100011001000100101011011010000000110111100110001110000111101001100010010011110101100000111001010001001110001111101111100001010000011101111100100010100000100101010100110100001000101110010110011011101111111001110100000101001110011111000110000101111
0001101001010101000001110110100100001110110001011100101100011110000001001000000000000111010011010010001010011011011011001101011001000011010000100110001101111101111000011100111011011001101000011101100010011011010111000001100100001111011000110000011011010101
1011011000100000100101101110001000000011111111011111100110010000101111100011100001000100010010011001110100001101001010000100001001111000101001000111011011100110101010001001010110110011100100001010110011110000100001110101010110100001011001111110111110110010
1011111011001010100110101010110101110010111100000100010111101010011011010111001000001001111101010101101001111101011001100010100000101101000111101001110000110100101101111111001101010101010110110010110010010010010111001001101011000100010100011110100100100110
1110100000011001010110001110011110001110001110001001010110010110100111100110100101000110011100100000101111100001111101101001100100101100100111110110001111100011011011011111001001000101100110111011101001000001010000111010111010101011011100101110011001000111
0100110001100100111110011101100010000011100001100110010010111110101001000001111000100101101101100001111101010110011011010010001101001000101111000010001011100101111101010011101001111010010010011111100111111010011101111001010100111111111111001101100101011110
0111010011111011001110011111111011000101010111001101111001011011100111010010110110100100111111111110110010111011000001000111000010001111101100111111010111011011010101100101110101110010110101100100010011000100010110100100010100100000100111000100100001011010
1000001111110010101100000110100010011110010010100100011110110111001010011110100001011100111111010010101010000111111011000100111010001110100100111011011011011010110001011000001110100011000000001101110110011101101111011000101111100010101000000011000100110110
0101111001110110000000110100001001000011001100111000010010100101101000000001010010111100001010001011101100000010101001000011010100010000011010101010000011001000000010011011110100010011101100001101010100100110100000001010000100000111111111010010100100101111
0101000101101101000101000010000000000001111011100001110000110011000110000101111101110000011000101011011010101000110011101111111011010110110010010111010101111001100001000100100100111100000100100110011000011010001011011011000011100101100011101101011100000000
1110101100001011110100000111001101101001011010110101100110011000110010010111111110010101101111100111111111010010101101111010110101010111101000110010101101110011010011111110111010111100001110001111111110001100101100110001110101111111110010110001111001010001
0100011010011011000101100101001001101001001000100101101100110001010000011001000100001110011101010000100011000001001010000100001111101001101110000011000011001001000110100100011000010101000110001000000110101110000101100001110100000000010000110101000001110111
0010110110011000100111000111101011010101000010100010101010100100011100110100100000001111000111011000000011111011100100000100110000010010011011001010101011000001010011110001110010101110110000110000001001011100111110000000111011000010011111001100100001101001
0010011001101001010100111111100011111100111111001010011011111110100101000011001100000011010111000011001010000000000111010100010010001001010000010011100100001010001101000010110110100011000010101011000101010111000001101001101110100000001010010111111111001011
0010001100010011111011100010111001001000101001000010010100011000100011111001110111000101100000100001101000101110010011110100000001100101010001110000101110001001101010001000100011010101001010100001110101101101111001000111101010111000110000111110011101110010
0111100111001100111001100000000010100111100011101010000001000011000000110110000001111010100100110111111011010110011111010110000101101000110010111000100010110011101110101000001111101100110001100110101111010100010110111100111111110101110110010010001110010000
0101011001111000010110110111111100110111000000011110001000010111001011000111011010101101100100000001011100111010011010110010001101010010111001010000110110001010111010110101101111001011011010100101001111000001010010100011110010000111100100001111010000000010
1010001111100011111010100101000100111101010011101111111101110110010001110101011100111111001111000010011001110100010000110011101101110010001010100010100100110011010000110011111100100100100011001000100111110010110010101101010001101110110100100111100000001010
1110001101000011101100010110001110101001110111000000111001101100111110011111001111000110001011101010011110010101110101011010011100011100110011010010001001111111111100001001000110101100000111000000001100010001110000001101000100001010010011010110101111101100
1001111001100101111110010101110011101011110011110001000110010010110111001111001100101001000100000001001001010010101101011000110100000000011111000011010100000011011111111010011010011100111000111100000101111111110111010001000000101110011111110001010000010100
0111110010111010101101000001000111001110001011111111001010100001101000100000011110011000100101010101011011010000100100101100001011101100011000110100000010111001010101110000011001011111100000111010111011101111101111110100101010110011001110111111101011001010
1010111111101010100000101001111001100011100100101111111110001010110000000010010111010010001110101110101110111110001000010000100011000001111000011111100111011100100100001101110110110101111101110100101111011101100011010010001111001101110001011001011011000000
1100000000100111101011011000010110101010101100100111001100000110001001100001111001101001000100101111001110111010010110000011100111001001111101100101100011101111111011101100010011011110010010000101011100111111111110110011100011100110100111101101100001110000
1010011001100111000111001100011001110010101001111001010001101011001000110110100111000101000011010000000001110100111001010011000000111011110111011011001000101001100101000001100110000110011001100000000100110110001001110101111100001000000110011010111001011110
1000100111011000010001011110100010000110011001000010001110101110011100011011010101111011011000000101101110011011101110000111000010101111000110011100011111001011100011110011111111011001010101100100001010110111101000100001100110101111011111010100001101010011
0010100100001010010011011101010111110010101010000100011111110010100100011101110011001101011100100111100100100110010101010101000011111101111101010010110111101001101000101011010010100101010110100010100100010110100110110110011011100001101000001001101110110010
1010000101010100111000001011100010101000110010111001100001100100111100100110001100001111110110110111010110101011001011110011010101010111111111010010111011001111010100001101011110101111001001001011010000100111000001101110011100000100011001011011010000110001
0100000101101110010100010111000011011111001110000111111010110010100110000111000001000011011010111001000111010011001000101111100110011010101110110010101111101010101110101011101100101001001110011101000111001101000101000011000001010101101100011010010101111010
0000011111100101010010100111101111010100000001100000110111010010001110001110101110100101011101100001110111110100011110111100100000111110010110111000111011010000101110011011110110111010010000011111011100101011111001110110111101111010110000110101010010001110
1010001111000110101000000000101110000000100001101010110001110101000110011000101001010000100100011110001110011110101000100011110100000101001100011000100110101001100000010101110110010011111100010111001111000001101111011111000011111011101101000001110110100100
1110011000000011101100001011101101100010010000111011100000101101100000111011001010001100010000000101110111001001000000101000010001101011111100111011010111010101111010110110100011001100101010000010110101100000010111011110101111110101010000110100011000000100
1000100101000000110111111110001100010101000111000010000000000010110001110000010001101001001011000000011000101010111001100001011011011000110001110101111000010001110111101111011000110110111110001111000010101010010001100110000001110100101100101011000111011000
1111111000010011111100101000101100011101001011100100101001111110000111111000011100001010111000000111110001000100110000111001010010101111101010001000110110010010101100001000000011001100011110011000011101011101001010110100001000000011011000111000001101101001
0010000110111100100110010010011000011111010110001001001111001001010110000011110010001100111110101111110010111000000010010001110001110100101010001011001011000111110111010101110100000111010110011010111110100100001110100001001101101101000111001001111011100001
0101100110111010100100001011001010010100101101100100110010000001100001001000010001011000101101011011011111101111111011000011111001010001110010010001000000101010101110101001010001000010000101011111011000110111010100100000000110010101001011011101111101001111
1100111010011111100000001100000011000101110111000101000100111011001110110110011111100110101000010111111000011011000111100011001001110001110111010100111010011100111101001001110110011000111010101111111100010011100001010100100101101000100011000001110010010001
0111100001011000100011110101100100101100011001000001100100111011011010001111110011101110001110111010011100101000000000111010110110010001011100100101001111000101101011110000110011100000100000110111000101011011100111010110011101011100001001011011001001000101
0100111101011101101100110110111010110101111001111111110001001101011000100011000110000110101010111000001000010111101011100100011101100011010111010011100101100000000110010101111101110100011111110011001000001001010110010000011101111110101001010111000111100000
1000001011011101110110111100011001000101000101101001100111111000010011001100101001000001011100111110011010111010101111000001011101101110101111011011011011111110110111010011011000110110000010000101101000001101100011011100110010001111000001111110111010010011
0000000010101110000001111010101110011101101010100011110011111101011011101100011100010000011011011010000001000001000011011111101011101000100101010000000101001100101000100111111001111010001010111000111101001101000001010001001011100000111010111000000001001001
1010100101011110110110011110011011111111101001110010101110101111111010000101001010101100101011010101110111001011100001000000110000101000101100101111011000001001000000110001101001110110111010111011100001000100011101011111010000100100000000110000001100010111
0001100011111110001001000110110010001011101101010000110011010111110110010111011011100000001111001010011010100010011001101000011110000111111111001010001101111101011010000111110101001111101000100110110000000010111101100010010000001010110011000100111011100100
1101110111111000111000000001011110100100011101111000001000101000010110110011011001100010001111011001111001110101100011001110010001100010111011100100011001111110100000111100110101011100101000011001101000101000100100000110001011111101110010000100010010101111
1011110111111110100000101011000101010001010010001010001110101101011111010100000000111110000001110110110001101011011110110011110101000110000000110110000010011001011111101011100000110000000000011000100001011011110101010111010101100110001101010001001111001010
0001011111100011100000001111011101001000100000011011110101110001010110001110001100100101111101011110101110010110101111011001011010101011011011010000001001110000010100101010101011001101010111011111000100100010101001000000011011100010011001101101110111110101
1101111011110111111001000100100101000110011000001110010011000100010000111000110000011000111101010011001100001001011001101110100110000100000110111111001001001001001110111010101001000011110101001110001001011101110011110110100100111000001101011100111011100010
0000100111111111111111001101011010111101100101110001001101000101111101000000110110100100111110111100111101111001011110000110001100000010001011010111010110010001000101101011001010001011001101000011000000110011101001110001111001110000011011101100100101111011
0011001001101110110101000001010001011101111111111100010010101101010110100111101101001101011101100010011111011110101010110011010111001101011101001101101111100110011010001000111010010110011101010000000001011001100111110111000011110011111100001101010000000101
0101011001010100111100101111101010100000110100010010000111011110100011011111101110100010111100100110000000011010011111111110001110011011000011001110010100010101000111000101111011001010111011101101010110010100101111011111011111110100001001111011000101111110
1010000110000101101000110010000111001101000111110100011011100000011011110100110001110010100110101001011110111000111100111011011101111110010000100000010111110000101010010101100111001000000011011011110111011101000111001010101000010011011011100010000111010101
0101101001100011111011100011010111001011001010001010011000010110011000100110011100011101001011101000011110001110011000100110100001011101111010001110110010011000110110011011000100000101010111000010000110001010001010100010010100000010110001011100110011110011
0100110110010001001111001110101100111111100101010110101100000011100111111001101000111010001011111001100100000011111000100111100010010111101000001111100001100011010100001010011000110101010010000010110000101010101010100010100111101011010111000101101100001011
1011101111011111010000100001000010011000000001011110101010010001001000110100010010111001101000011101111000110011110111000100010010001111011010101110110100111101011001001010001011111110110101111001100000111010110000101100001011001000100101001101010010101011
1011001011000101101010001011000111100101101100100000010101110011010101110011110011100001101010010010011101101001001010110001001010100110011110000010100110001110110100011001000000111111110110011110010011110101001111111101101101100001010011011000111011000010
1000110000000111100110110010001010110011000011111101000010100010100000110000101000001101101100100100110000000111111110101010000101011101010100000100101011000010111101011001101010110010110100101111010110001110010111111111101100101101101101101111110000011011
1001100100111000010110101011001111110010010010100011000101000110001111000000111111110001000000101100100011010001000100001000101101101000110111100111100100010000000101011001100011101110000111010101111110111101111101101000001111100100110010010100011110100110
1110110001111000110111011111010010001001000110111010111000110000110110101111100001010000111000100010000001010001011100010010100111000000101001011101010101101110110100110001011110110100100001010100101010100001000001001001001000111011011101000001000010010111
0101001111101100110011000101001110110010100001100000100110001000100100010110100101110101111011111010101000111001100111000011100100100011001111101101101010000001110011010101111100011101110101111101000111100110000110110011111111100011010001011110110111100011
1101110111011010100110011111110001000011001000110111111000111110100010001110000101000100100110101010111000111001111111001111100001101111010010101101101110101000000111011100011100111111001000101000011001010000011011000010010110010101110100000100111110111001
1000011110000001110100010001111010011100101111011000100110101010010001100010101010000011000000111001100100011111110011000011111001101101110100001101101111010001101011011000011101001101000111111111001100111110011001110010000011101111101101101110000111001001
0000011111100110011111110100001010010100001011001110111001000000001000111000100100100101011101100100000010110101011100100001010001001110000011000001010110011010001011100001100001000000011000111110110111111001110100010110100010110111011100010111001001110011
0001001111010000001001011101100101101000010011101000010010011010000100010000111011011101110100111001110000000011101010101010101110110101000101011011100001000000011111001100011111011001011001011110101100100110101110100011101000001110111110101010001011101100
1110011100111010001001101000110001110011010010010111110100001001101111110001100100101001000001000101000111010011011101100111010101011000100110100111000001111001101010101001000101010011001111100101111010110101010100110100011010101110010111001011010010011101
0001111100011110000100011010000011001111100110000100001010101110110111100111111101011100111000010010001001000100110010101111010000101111010110110101101010111010110000100011001111001010011101101101101111000100100011100100100111111111111010000101010101111010
1110101000011111101111001001111010110001011101110001101111101000110001100110011110010100110011101001001000111100011010111101010100011010010110110100111001101110111010001011011110111100110001000101100011011001110111111001100000001001010001100101011001011011
0011011000101100101011011111011100110000101110110011000100101110011111101101000000110100000010101011110010001000111001001100001010011000111100110111011001101110011001110110001111101000110101000111110010010100100011011110001110101110001000011011110100111000
